[Page Setup]
PPDName=A4
DisplayName=A4
Width=210
Height=297
MarginTop=12.699999999999999
MarginBottom=12.699999999999999
MarginLeft=6.3499999999999996
MarginRight=6.3499999999999996
Orientation=portrait
